$ANSIBLE_VAULT;1.1;AES256
32343462313138646562653635643563643666663031306534383438633464613037643934616532
6632303133303133386363653532393336343030313735350a363461656263373636633136373836
64613330616663613537306163343565393932363833316463366330393362656234653235373166
3938353438313430620a306532623162306133343265626337386235343735333065353165626133
61323630303631626461636264636634643066343664376639356533356333316132313839383637
64663832346439386235666135623462333364663333326231323933386336396536343661306565
30633563383938653264316239396565666462363232373961316635613232663732373961653062
35326164303766313037346162613934383262376131633935653330353861363731316539613361
30653639386230336532336361643534313731396337366236396135363734323037353732326639
34343231326135373536343733633034343833356462373432343363623732346338323365663735
65353232363938656466366166623262363733646132363930303866613732646331303161373766
38303832623664376465363563333639663565326335306437323131313832353338333534363933
65653766626332346664323465316661663330646131376165303463633439343839326431626363
36653337353932343330663734623437633739653431383861663463393865373938323239396333
31373731353939333166636266633635666532373061633062386430363365613739663134366664
64653939333365306634326538343033323330396233636437363864386531646631336236306131
33373861626463353235303237623736623433656434616566353039323737313761363138353462
31353663633531356634396133663332376163653938323734333032303239346363386631663732
36323462636633306237323134633764663966303331323434386131643836363338353238633561
32376363346465353930306665353361326362373861303631383839613463623463613662396535
37346330386264346565306661643436613439366431356564303661383433656336376164613733
35306139343039396637393664326562383163353232643431393061666534333330613537653066
32346537643834386333343539383039303062663634376632343338323465326562306362376665
30306631616365396462656637666239353433323563393264306235336636343936356335393863
64356338323733633335383963353364343665383932623637326336613738343666356239356430
35393036303632323537313265336337326333373965366330346636343964653834346663323633
65653062356364353137393238306663333837333333373036643565666532653738393632393938
31666338636230303331663661363130383237613031373235303731366332646536656461396364
32613739303133326464616535353339373065383464303564613932613164356664303162326333
31303736663434306363646336643366326563373536303830653761383133623335313037396133
62376438656534396665376132386330623432346230373733303731383966366566386463303333
31613361316634396164313966396665613434616630623037616530346264373934376337623033
32666538623063356661333966663163396333346364656166353332396138313031343964336333
64353435393438383463616464356262646638653262383138623065316664336236636665633732
33373639616335656363393034343566663262623663393331633761646261626439643564376330
62326630616465303365383434643764316338373763363834663564393439306233343536343132
64343433376663656234653233323532363165393436653264303762393464353631653665666531
31393932303631353962316534346465666365316365653032333165386232633566613464303538
63336333316261643564363363313137663030633932323332393439346132303432363338333636
61313131366166336133643462643533363331666165643364363561303266343166616338656530
62313937636366366138636137323962373464303766613236346536323563613332386361376437
32313864386639356530663764396265653439333564356536373939333265613662386533303030
64386262653361383433316334663339333239633438323739333561373931343465313561333232
36613630386434613366623163646463356238633265386433396263336231316431653031373864
37306463383936626366333639666133363733303132303639626339646461393538306563343032
37386136666439613261313164393233623633653766656137316337316236656366326335646332
61333964323731303335663731356530396330386262616363366430326330663130323663656361
37663230343535323130386464336631313962613364663936626362613566643262633033653432
61623833623836646263383263353235326539356439396332383139633163356466663664376532
64383630393364363938333332353936316364303963636634323665613566373639616338646630
66626133623837663133353437393865383862333934623936656636353130383763376433353331
38393936373030333032323165313533633332343266366461613832336437316234663239363563
36623039383235313434633363326436373339343764303533363034386332626662656438343637
63623334393432663766646634386361336166363332306131373235303139343638613335616434
30333636626266643235613736613264623431333039303464383830336138366431386161346433
31303939393037353139326137353462663636363964343137376161613932626231656632363035
35306138346436353830663135383763643164386538613263306434623362333733336339646630
62393865396630386663326630613034633331356437663735613063366134336232376337353239
64396562343030663030336533313733386232643366636637323230333032613962346365313264
38646432616232366239343239653866376132643666653264323434346139393730333930386331
38626266323334306166633432313238386165333165633033353636643138343036613939313731
34646133373563336131313636656236623736666336353638346566353734323430363362323235
39363931613638383165616466353063366430386538326638623339323866313937333063653661
30396235373031366363313138653731353036386433396538616235383539383063363731633763
37366363353862386531373564383362666432313636323038383063323335316433636262643430
64366138643739326437626338663539353064616366653935613836663239393464386535313336
62323530383633343730376264336464616239366239643166653535326634656532363736626261
38313466383365366461333063313439356466313731356266383432326333316637393637343034
61663032373935626661383339306535643061343333656465646531393336343264356462646161
38386134653364663232396261313939383861363035306135343237383939323965373839306131
39313237326262316663306462356664613433393539643135393436373530313231646334356537
38373162376639656663303331323463366664393031393836346235366363666336356564386133
66386364346666613030373765353066343935376630623835323663346336643161326330336232
63303335376533633937333933306462633336633663643962313862663832363835366462633636
31303062323463366161306563643435323164643232306462396165346461633963343832653466
35346361313936633134393434633562366431393964373436353866316533633261383130316538
34636432656363633439333233323936346537306164383161396631646131636433613866303830
65656637396633346236633066663665393538353662653034663439373834363438383731306661
64306566623961656364623261313036323437626235323831326232303762333835363734643138
66646331336462636262306631366166386462323164386232336338616264613439626539333335
63646433313837616130663364346361663233333561373065616562623662343461656663626263
33353739393133396438623832636537343164353630353630323436356338366166613761343836
37663362663231366635626334353237353331313965366461343433663833653564346261643962
31303430656631653262656162326430363234373939643638323535363761653331313062306134
64653966636434303835346662326636666432366663376334626133643832626431626365306232
32366264663963313162653535326232303563383839346535386337653164376363363664386635
31326336363664666165313536623038313831633132313962323933653830323238353035396664
61643434313566613762
