$ANSIBLE_VAULT;1.1;AES256
30636265613435373963333035653561366361383663393966373230323763363836666265383331
3838613131366366396266663331316438663330363139390a333332353331663163343663343963
33663331353861353464393135626231323163636464313432313162376463383561326531633063
3830636566653065620a633561373763383766333565616230313738373434313266616562383933
36613030336661613538663331383764343934303739313666383362636433613338623338366338
36333436353062623665323538363638343030663235396638346434643738386431616438346136
34396366313862343639326230306563666338616664393063393836303062663762666438353632
36376436323963653965666139646437393733333431373533623833653066383337373333666430
61303665343364343739326432646437306662323831373734336531336631323739363662353662
34656434346465663939646539376162616539653363656333316638343832393232666364616466
61306163396435353565663431363761316366376336393435373836396238393765643530353964
63316231343836366530636666363734393564623261643537376562633933393265363763623232
39376538613337306338366435663564363235343162663163336537663439353266623530336438
63353733656131663936303666376530353063363863323632626534616638653437646239343834
31323839656163633732646339346330636366646331363935646166326539303634303938633638
64333636626134643038376536653030326637646338656639333765383565363436313031633266
66663036386362376338623834346231303932353465313334363263656465396664346633326135
36366261316637393230376537376335306239626663616462373634653064313031323765663139
34353364386136656230643835343232663439656463653231383966343764356561383736323834
64313961653831363465373434663639636438613135633361623564363464326430643831373838
34396535636336356638346162616665333161653334373830386637373237353137386139306265
38393866343539653832393061653764303663376434633130326266356333366164323231653065
61346239333266616331646131363639313935313537353437323263613630663334343135303263
61656364643835353462363237643763646430643662326666313831393432643837383766373939
32316334393366346430386130353764326332356463316535376566636362623033353364626464
39653237376466386666386665633037306233353636393432633562333366643263666436316331
66656137626335356630336164356266666635326565633135303961373130363630396533363632
64356663333132356362303864653938643066333562326133313035613363633030386538613131
30663263666265613934323336363733646565643864323035313066353861663839663334313638
65623231336539343137616530663938363532636431303364646332383535373739323232316239
31356163393462353365636161343537363363346339396139333738306230653532326539316563
36323663343031386237666132663232623337383239643265623434353064313861626432383064
63643632366266666436323235306664353961393066666165323065623461653731303935316462
36373039633830396562363135323931666630326665613832373864303164393164383732326361
33323939613066666537373736663534316638366338343131313330313931613632383031386534
35343962623137393362626362373961656538303030623362306363353234373661373835623563
64323732376131666230663733373931643237366339386366666135346666646238663436613736
6431646433646539336436373331366639333461613932643737
